[[[ 0.          0.          0.         ...  0.          0.
    0.        ]
  [ 0.          0.          0.         ...  0.          0.
    0.        ]
  [ 0.          0.          0.         ...  0.          0.
    0.        ]
  ...
  [ 0.          0.          0.         ...  0.          0.
   17.39968   ]
  [ 0.          0.          0.         ...  0.          4.8031435
   22.27352   ]
  [ 0.          0.          0.         ...  0.          0.
   15.403073  ]]

 [[ 0.          0.          0.         ...  0.          0.
    0.        ]
  [ 0.          0.          4.569822   ...  0.          0.
    0.        ]
  [12.10564     0.          6.6621594  ...  0.          0.
    0.        ]
  ...
  [ 0.          0.         45.667255   ...  2.4030979   0.
    7.647844  ]
  [ 0.          0.          0.         ...  7.7121587   0.
    0.        ]
  [12.078525    0.          0.         ...  0.          1.095824
    0.        ]]

 [[ 0.          0.          0.         ...  0.          0.
    0.        ]
  [ 0.          0.          0.         ...  0.          0.
    0.        ]
  [ 0.          0.         15.810366   ...  0.          0.
    0.        ]
  ...
  [ 0.          0.         10.2092905  ... 31.674225    0.
    0.        ]
  [ 0.          0.          0.         ...  0.          0.
    0.        ]
  [ 0.          0.          0.         ...  0.         19.684301
    0.        ]]

 ...

 [[ 0.          0.          0.         ...  0.          0.
    5.1347113 ]
  [ 0.          0.          0.         ...  0.          0.
    0.        ]
  [ 0.         93.43451     0.         ... 36.1493      0.
    0.        ]
  ...
  [ 0.          0.          0.         ...  0.          0.
    0.        ]
  [ 0.          0.          0.         ...  0.          0.
   14.22236   ]
  [ 0.          0.          1.4779804  ...  0.          0.
    0.        ]]

 [[ 0.         26.353209    0.         ...  0.          0.
    0.        ]
  [ 0.          0.          0.         ...  0.          0.
    0.        ]
  [ 0.         68.03971     0.         ...  4.28613     0.
    0.        ]
  ...
  [ 0.          0.          0.         ...  0.          0.
    6.6695886 ]
  [ 0.          0.          0.         ...  0.          0.
   46.029404  ]
  [ 0.          0.          0.         ...  0.11098448  0.
   15.478252  ]]

 [[ 0.         42.055706    0.         ...  0.          6.0642085
    6.4342566 ]
  [ 0.          0.          0.         ...  0.          0.
    0.        ]
  [ 0.          0.          0.         ...  0.          0.
    0.        ]
  ...
  [ 0.          0.          0.         ...  0.          0.
    0.        ]
  [ 0.          0.          3.5035958  ...  0.          0.
    6.2593775 ]
  [ 0.          0.          0.         ...  0.          0.
    3.422115  ]]]
